points shape:  (119317, 4)
{'batch_size': 1,
 'frame_id': array([0]),
 'points': array([[ 0.       , 58.237984 ,  5.340212 ,  2.1886709,  0.       ],
       [ 0.       , 58.574745 ,  5.556818 ,  2.2007563,  0.       ],
       [ 0.       , 57.258602 ,  5.5218773,  2.1567507,  0.       ],
       ...,
       [ 0.       ,  3.8484488, -1.4333365, -1.7833276,  0.27     ],
       [ 0.       ,  4.1152267, -1.5212351, -1.9143252,  0.07     ],
       [ 0.       ,  3.9058447, -1.4283539, -1.8073457,  0.       ]],
      dtype=float32),
 'use_lead_xyz': array([ True]),
 'voxel_coords': array([[  0,  39, 972, 389],
       [  0,  39, 973, 387],
       [  0,  39, 973, 384],
       ...,
       [  0,  12, 771,  76],
       [  0,  10, 769,  82],
       [  0,  11, 771,  78]], dtype=int32),
 'voxel_num_points': array([1, 1, 1, ..., 2, 1, 1], dtype=int32),
 'voxels': array([[[19.478016  ,  8.640286  ,  0.9359822 ,  0.2       ],
        [ 0.        ,  0.        ,  0.        ,  0.        ],
        [ 0.        ,  0.        ,  0.        ,  0.        ],
        [ 0.        ,  0.        ,  0.        ,  0.        ],
        [ 0.        ,  0.        ,  0.        ,  0.        ]],

       [[19.362778  ,  8.662254  ,  0.93301684,  0.41      ],
        [ 0.        ,  0.        ,  0.        ,  0.        ],
        [ 0.        ,  0.        ,  0.        ,  0.        ],
        [ 0.        ,  0.        ,  0.        ,  0.        ],
        [ 0.        ,  0.        ,  0.        ,  0.        ]],

       [[19.213526  ,  8.668249  ,  0.9280412 ,  0.43      ],
        [ 0.        ,  0.        ,  0.        ,  0.        ],
        [ 0.        ,  0.        ,  0.        ,  0.        ],
        [ 0.        ,  0.        ,  0.        ,  0.        ],
        [ 0.        ,  0.        ,  0.        ,  0.        ]],

       ...,

       [[ 3.8457763 , -1.4463148 , -1.7843165 ,  0.39      ],
        [ 3.8484488 , -1.4333365 , -1.7833276 ,  0.27      ],
        [ 0.        ,  0.        ,  0.        ,  0.        ],
        [ 0.        ,  0.        ,  0.        ,  0.        ],
        [ 0.        ,  0.        ,  0.        ,  0.        ]],

       [[ 4.1152267 , -1.5212351 , -1.9143252 ,  0.07      ],
        [ 0.        ,  0.        ,  0.        ,  0.        ],
        [ 0.        ,  0.        ,  0.        ,  0.        ],
        [ 0.        ,  0.        ,  0.        ,  0.        ],
        [ 0.        ,  0.        ,  0.        ,  0.        ]],

       [[ 3.9058447 , -1.4283539 , -1.8073457 ,  0.        ],
        [ 0.        ,  0.        ,  0.        ,  0.        ],
        [ 0.        ,  0.        ,  0.        ,  0.        ],
        [ 0.        ,  0.        ,  0.        ,  0.        ],
        [ 0.        ,  0.        ,  0.        ,  0.        ]]],
      dtype=float32)}
module #################################################################
